ls_18_bs_100_nr_10_e_15_lr_0.001_a_0.3_nt_30 18 100 10 15 0.001 0.3 30
ls_18_bs_100_nr_10_e_15_lr_0.001_a_0.4_nt_30 18 100 10 15 0.001 0.4 30
ls_18_bs_100_nr_10_e_15_lr_0.001_a_0.5_nt_30 18 100 10 15 0.001 0.5 30
ls_18_bs_100_nr_10_e_15_lr_0.001_a_0.6_nt_30 18 100 10 15 0.001 0.6 30
ls_18_bs_100_nr_10_e_15_lr_0.001_a_0.7_nt_30 18 100 10 15 0.001 0.7 30
ls_18_bs_100_nr_10_e_15_lr_0.001_a_0.8_nt_30 18 100 10 15 0.001 0.8 30
ls_18_bs_100_nr_10_e_15_lr_0.001_a_0.9_nt_30 18 100 10 15 0.001 0.9 30
ls_22_bs_20_nr_10_e_5_lr_0.001_a_0.1_nt_30 22 20 10 5 0.001 0.1 30
ls_22_bs_20_nr_10_e_5_lr_0.001_a_0.2_nt_30 22 20 10 5 0.001 0.2 30
ls_22_bs_20_nr_10_e_5_lr_0.001_a_0.3_nt_30 22 20 10 5 0.001 0.3 30
ls_22_bs_20_nr_10_e_5_lr_0.001_a_0.4_nt_30 22 20 10 5 0.001 0.4 30
ls_22_bs_20_nr_10_e_5_lr_0.001_a_0.5_nt_30 22 20 10 5 0.001 0.5 30
ls_22_bs_20_nr_10_e_5_lr_0.001_a_0.6_nt_30 22 20 10 5 0.001 0.6 30
ls_22_bs_20_nr_10_e_5_lr_0.001_a_0.7_nt_30 22 20 10 5 0.001 0.7 30
ls_22_bs_20_nr_10_e_5_lr_0.001_a_0.8_nt_30 22 20 10 5 0.001 0.8 30
ls_22_bs_20_nr_10_e_5_lr_0.001_a_0.9_nt_30 22 20 10 5 0.001 0.9 30
ls_22_bs_20_nr_10_e_7_lr_0.001_a_0.1_nt_30 22 20 10 7 0.001 0.1 30
ls_22_bs_20_nr_10_e_7_lr_0.001_a_0.2_nt_30 22 20 10 7 0.001 0.2 30
ls_22_bs_20_nr_10_e_7_lr_0.001_a_0.3_nt_30 22 20 10 7 0.001 0.3 30
ls_22_bs_20_nr_10_e_7_lr_0.001_a_0.4_nt_30 22 20 10 7 0.001 0.4 30
ls_22_bs_20_nr_10_e_7_lr_0.001_a_0.5_nt_30 22 20 10 7 0.001 0.5 30
ls_22_bs_20_nr_10_e_7_lr_0.001_a_0.6_nt_30 22 20 10 7 0.001 0.6 30
ls_22_bs_20_nr_10_e_7_lr_0.001_a_0.7_nt_30 22 20 10 7 0.001 0.7 30
ls_22_bs_20_nr_10_e_7_lr_0.001_a_0.8_nt_30 22 20 10 7 0.001 0.8 30
ls_22_bs_20_nr_10_e_7_lr_0.001_a_0.9_nt_30 22 20 10 7 0.001 0.9 30
ls_22_bs_20_nr_10_e_9_lr_0.001_a_0.1_nt_30 22 20 10 9 0.001 0.1 30
ls_22_bs_20_nr_10_e_9_lr_0.001_a_0.2_nt_30 22 20 10 9 0.001 0.2 30
ls_22_bs_20_nr_10_e_9_lr_0.001_a_0.3_nt_30 22 20 10 9 0.001 0.3 30
ls_22_bs_20_nr_10_e_9_lr_0.001_a_0.4_nt_30 22 20 10 9 0.001 0.4 30
ls_22_bs_20_nr_10_e_9_lr_0.001_a_0.5_nt_30 22 20 10 9 0.001 0.5 30
ls_22_bs_20_nr_10_e_9_lr_0.001_a_0.6_nt_30 22 20 10 9 0.001 0.6 30
ls_22_bs_20_nr_10_e_9_lr_0.001_a_0.7_nt_30 22 20 10 9 0.001 0.7 30
ls_22_bs_20_nr_10_e_9_lr_0.001_a_0.8_nt_30 22 20 10 9 0.001 0.8 30
ls_22_bs_20_nr_10_e_9_lr_0.001_a_0.9_nt_30 22 20 10 9 0.001 0.9 30
ls_22_bs_20_nr_10_e_11_lr_0.001_a_0.1_nt_30 22 20 10 11 0.001 0.1 30
ls_22_bs_20_nr_10_e_11_lr_0.001_a_0.2_nt_30 22 20 10 11 0.001 0.2 30
ls_22_bs_20_nr_10_e_11_lr_0.001_a_0.3_nt_30 22 20 10 11 0.001 0.3 30
ls_22_bs_20_nr_10_e_11_lr_0.001_a_0.4_nt_30 22 20 10 11 0.001 0.4 30
ls_22_bs_20_nr_10_e_11_lr_0.001_a_0.5_nt_30 22 20 10 11 0.001 0.5 30
ls_22_bs_20_nr_10_e_11_lr_0.001_a_0.6_nt_30 22 20 10 11 0.001 0.6 30
ls_22_bs_20_nr_10_e_11_lr_0.001_a_0.7_nt_30 22 20 10 11 0.001 0.7 30
ls_22_bs_20_nr_10_e_11_lr_0.001_a_0.8_nt_30 22 20 10 11 0.001 0.8 30
ls_22_bs_20_nr_10_e_11_lr_0.001_a_0.9_nt_30 22 20 10 11 0.001 0.9 30
ls_22_bs_20_nr_10_e_13_lr_0.001_a_0.1_nt_30 22 20 10 13 0.001 0.1 30
ls_22_bs_20_nr_10_e_13_lr_0.001_a_0.2_nt_30 22 20 10 13 0.001 0.2 30
ls_22_bs_20_nr_10_e_13_lr_0.001_a_0.3_nt_30 22 20 10 13 0.001 0.3 30
ls_22_bs_20_nr_10_e_13_lr_0.001_a_0.4_nt_30 22 20 10 13 0.001 0.4 30
ls_22_bs_20_nr_10_e_13_lr_0.001_a_0.5_nt_30 22 20 10 13 0.001 0.5 30
ls_22_bs_20_nr_10_e_13_lr_0.001_a_0.6_nt_30 22 20 10 13 0.001 0.6 30
ls_22_bs_20_nr_10_e_13_lr_0.001_a_0.7_nt_30 22 20 10 13 0.001 0.7 30
ls_22_bs_20_nr_10_e_13_lr_0.001_a_0.8_nt_30 22 20 10 13 0.001 0.8 30
ls_22_bs_20_nr_10_e_13_lr_0.001_a_0.9_nt_30 22 20 10 13 0.001 0.9 30
ls_22_bs_20_nr_10_e_15_lr_0.001_a_0.1_nt_30 22 20 10 15 0.001 0.1 30
ls_22_bs_20_nr_10_e_15_lr_0.001_a_0.2_nt_30 22 20 10 15 0.001 0.2 30
ls_22_bs_20_nr_10_e_15_lr_0.001_a_0.3_nt_30 22 20 10 15 0.001 0.3 30
ls_22_bs_20_nr_10_e_15_lr_0.001_a_0.4_nt_30 22 20 10 15 0.001 0.4 30
ls_22_bs_20_nr_10_e_15_lr_0.001_a_0.5_nt_30 22 20 10 15 0.001 0.5 30
ls_22_bs_20_nr_10_e_15_lr_0.001_a_0.6_nt_30 22 20 10 15 0.001 0.6 30
ls_22_bs_20_nr_10_e_15_lr_0.001_a_0.7_nt_30 22 20 10 15 0.001 0.7 30
ls_22_bs_20_nr_10_e_15_lr_0.001_a_0.8_nt_30 22 20 10 15 0.001 0.8 30
ls_22_bs_20_nr_10_e_15_lr_0.001_a_0.9_nt_30 22 20 10 15 0.001 0.9 30
ls_22_bs_60_nr_10_e_5_lr_0.001_a_0.1_nt_30 22 60 10 5 0.001 0.1 30
ls_22_bs_60_nr_10_e_5_lr_0.001_a_0.2_nt_30 22 60 10 5 0.001 0.2 30
ls_22_bs_60_nr_10_e_5_lr_0.001_a_0.3_nt_30 22 60 10 5 0.001 0.3 30
ls_22_bs_60_nr_10_e_5_lr_0.001_a_0.4_nt_30 22 60 10 5 0.001 0.4 30
ls_22_bs_60_nr_10_e_5_lr_0.001_a_0.5_nt_30 22 60 10 5 0.001 0.5 30
ls_22_bs_60_nr_10_e_5_lr_0.001_a_0.6_nt_30 22 60 10 5 0.001 0.6 30
ls_22_bs_60_nr_10_e_5_lr_0.001_a_0.7_nt_30 22 60 10 5 0.001 0.7 30
ls_22_bs_60_nr_10_e_5_lr_0.001_a_0.8_nt_30 22 60 10 5 0.001 0.8 30
ls_22_bs_60_nr_10_e_5_lr_0.001_a_0.9_nt_30 22 60 10 5 0.001 0.9 30
ls_22_bs_60_nr_10_e_7_lr_0.001_a_0.1_nt_30 22 60 10 7 0.001 0.1 30
ls_22_bs_60_nr_10_e_7_lr_0.001_a_0.2_nt_30 22 60 10 7 0.001 0.2 30
ls_22_bs_60_nr_10_e_7_lr_0.001_a_0.3_nt_30 22 60 10 7 0.001 0.3 30
ls_22_bs_60_nr_10_e_7_lr_0.001_a_0.4_nt_30 22 60 10 7 0.001 0.4 30
ls_22_bs_60_nr_10_e_7_lr_0.001_a_0.5_nt_30 22 60 10 7 0.001 0.5 30
ls_22_bs_60_nr_10_e_7_lr_0.001_a_0.6_nt_30 22 60 10 7 0.001 0.6 30
ls_22_bs_60_nr_10_e_7_lr_0.001_a_0.7_nt_30 22 60 10 7 0.001 0.7 30
ls_22_bs_60_nr_10_e_7_lr_0.001_a_0.8_nt_30 22 60 10 7 0.001 0.8 30
ls_22_bs_60_nr_10_e_7_lr_0.001_a_0.9_nt_30 22 60 10 7 0.001 0.9 30
ls_22_bs_60_nr_10_e_9_lr_0.001_a_0.1_nt_30 22 60 10 9 0.001 0.1 30
ls_22_bs_60_nr_10_e_9_lr_0.001_a_0.2_nt_30 22 60 10 9 0.001 0.2 30
ls_22_bs_60_nr_10_e_9_lr_0.001_a_0.3_nt_30 22 60 10 9 0.001 0.3 30
ls_22_bs_60_nr_10_e_9_lr_0.001_a_0.4_nt_30 22 60 10 9 0.001 0.4 30
ls_22_bs_60_nr_10_e_9_lr_0.001_a_0.5_nt_30 22 60 10 9 0.001 0.5 30
ls_22_bs_60_nr_10_e_9_lr_0.001_a_0.6_nt_30 22 60 10 9 0.001 0.6 30
ls_22_bs_60_nr_10_e_9_lr_0.001_a_0.7_nt_30 22 60 10 9 0.001 0.7 30
ls_22_bs_60_nr_10_e_9_lr_0.001_a_0.8_nt_30 22 60 10 9 0.001 0.8 30
ls_22_bs_60_nr_10_e_9_lr_0.001_a_0.9_nt_30 22 60 10 9 0.001 0.9 30
ls_22_bs_60_nr_10_e_11_lr_0.001_a_0.1_nt_30 22 60 10 11 0.001 0.1 30
ls_22_bs_60_nr_10_e_11_lr_0.001_a_0.2_nt_30 22 60 10 11 0.001 0.2 30
ls_22_bs_60_nr_10_e_11_lr_0.001_a_0.3_nt_30 22 60 10 11 0.001 0.3 30
ls_22_bs_60_nr_10_e_11_lr_0.001_a_0.4_nt_30 22 60 10 11 0.001 0.4 30
ls_22_bs_60_nr_10_e_11_lr_0.001_a_0.5_nt_30 22 60 10 11 0.001 0.5 30
ls_22_bs_60_nr_10_e_11_lr_0.001_a_0.6_nt_30 22 60 10 11 0.001 0.6 30
ls_22_bs_60_nr_10_e_11_lr_0.001_a_0.7_nt_30 22 60 10 11 0.001 0.7 30
ls_22_bs_60_nr_10_e_11_lr_0.001_a_0.8_nt_30 22 60 10 11 0.001 0.8 30
ls_22_bs_60_nr_10_e_11_lr_0.001_a_0.9_nt_30 22 60 10 11 0.001 0.9 30
ls_22_bs_60_nr_10_e_13_lr_0.001_a_0.1_nt_30 22 60 10 13 0.001 0.1 30
ls_22_bs_60_nr_10_e_13_lr_0.001_a_0.2_nt_30 22 60 10 13 0.001 0.2 30
ls_22_bs_60_nr_10_e_13_lr_0.001_a_0.3_nt_30 22 60 10 13 0.001 0.3 30
ls_22_bs_60_nr_10_e_13_lr_0.001_a_0.4_nt_30 22 60 10 13 0.001 0.4 30
ls_22_bs_60_nr_10_e_13_lr_0.001_a_0.5_nt_30 22 60 10 13 0.001 0.5 30
ls_22_bs_60_nr_10_e_13_lr_0.001_a_0.6_nt_30 22 60 10 13 0.001 0.6 30
ls_22_bs_60_nr_10_e_13_lr_0.001_a_0.7_nt_30 22 60 10 13 0.001 0.7 30
ls_22_bs_60_nr_10_e_13_lr_0.001_a_0.8_nt_30 22 60 10 13 0.001 0.8 30
ls_22_bs_60_nr_10_e_13_lr_0.001_a_0.9_nt_30 22 60 10 13 0.001 0.9 30
ls_22_bs_60_nr_10_e_15_lr_0.001_a_0.1_nt_30 22 60 10 15 0.001 0.1 30
ls_22_bs_60_nr_10_e_15_lr_0.001_a_0.2_nt_30 22 60 10 15 0.001 0.2 30
ls_22_bs_60_nr_10_e_15_lr_0.001_a_0.3_nt_30 22 60 10 15 0.001 0.3 30
ls_22_bs_60_nr_10_e_15_lr_0.001_a_0.4_nt_30 22 60 10 15 0.001 0.4 30
ls_22_bs_60_nr_10_e_15_lr_0.001_a_0.5_nt_30 22 60 10 15 0.001 0.5 30
ls_22_bs_60_nr_10_e_15_lr_0.001_a_0.6_nt_30 22 60 10 15 0.001 0.6 30
ls_22_bs_60_nr_10_e_15_lr_0.001_a_0.7_nt_30 22 60 10 15 0.001 0.7 30
ls_22_bs_60_nr_10_e_15_lr_0.001_a_0.8_nt_30 22 60 10 15 0.001 0.8 30
ls_22_bs_60_nr_10_e_15_lr_0.001_a_0.9_nt_30 22 60 10 15 0.001 0.9 30
ls_22_bs_100_nr_10_e_5_lr_0.001_a_0.1_nt_30 22 100 10 5 0.001 0.1 30
ls_22_bs_100_nr_10_e_5_lr_0.001_a_0.2_nt_30 22 100 10 5 0.001 0.2 30
ls_22_bs_100_nr_10_e_5_lr_0.001_a_0.3_nt_30 22 100 10 5 0.001 0.3 30
ls_22_bs_100_nr_10_e_5_lr_0.001_a_0.4_nt_30 22 100 10 5 0.001 0.4 30
ls_22_bs_100_nr_10_e_5_lr_0.001_a_0.5_nt_30 22 100 10 5 0.001 0.5 30
ls_22_bs_100_nr_10_e_5_lr_0.001_a_0.6_nt_30 22 100 10 5 0.001 0.6 30
ls_22_bs_100_nr_10_e_5_lr_0.001_a_0.7_nt_30 22 100 10 5 0.001 0.7 30
ls_22_bs_100_nr_10_e_5_lr_0.001_a_0.8_nt_30 22 100 10 5 0.001 0.8 30
ls_22_bs_100_nr_10_e_5_lr_0.001_a_0.9_nt_30 22 100 10 5 0.001 0.9 30
ls_22_bs_100_nr_10_e_7_lr_0.001_a_0.1_nt_30 22 100 10 7 0.001 0.1 30
ls_22_bs_100_nr_10_e_7_lr_0.001_a_0.2_nt_30 22 100 10 7 0.001 0.2 30
ls_22_bs_100_nr_10_e_7_lr_0.001_a_0.3_nt_30 22 100 10 7 0.001 0.3 30
ls_22_bs_100_nr_10_e_7_lr_0.001_a_0.4_nt_30 22 100 10 7 0.001 0.4 30
ls_22_bs_100_nr_10_e_7_lr_0.001_a_0.5_nt_30 22 100 10 7 0.001 0.5 30
ls_22_bs_100_nr_10_e_7_lr_0.001_a_0.6_nt_30 22 100 10 7 0.001 0.6 30
ls_22_bs_100_nr_10_e_7_lr_0.001_a_0.7_nt_30 22 100 10 7 0.001 0.7 30
ls_22_bs_100_nr_10_e_7_lr_0.001_a_0.8_nt_30 22 100 10 7 0.001 0.8 30
ls_22_bs_100_nr_10_e_7_lr_0.001_a_0.9_nt_30 22 100 10 7 0.001 0.9 30
ls_22_bs_100_nr_10_e_9_lr_0.001_a_0.1_nt_30 22 100 10 9 0.001 0.1 30
ls_22_bs_100_nr_10_e_9_lr_0.001_a_0.2_nt_30 22 100 10 9 0.001 0.2 30
ls_22_bs_100_nr_10_e_9_lr_0.001_a_0.3_nt_30 22 100 10 9 0.001 0.3 30
ls_22_bs_100_nr_10_e_9_lr_0.001_a_0.4_nt_30 22 100 10 9 0.001 0.4 30
ls_22_bs_100_nr_10_e_9_lr_0.001_a_0.5_nt_30 22 100 10 9 0.001 0.5 30
ls_22_bs_100_nr_10_e_9_lr_0.001_a_0.6_nt_30 22 100 10 9 0.001 0.6 30
ls_22_bs_100_nr_10_e_9_lr_0.001_a_0.7_nt_30 22 100 10 9 0.001 0.7 30
ls_22_bs_100_nr_10_e_9_lr_0.001_a_0.8_nt_30 22 100 10 9 0.001 0.8 30
ls_22_bs_100_nr_10_e_9_lr_0.001_a_0.9_nt_30 22 100 10 9 0.001 0.9 30
ls_22_bs_100_nr_10_e_11_lr_0.001_a_0.1_nt_30 22 100 10 11 0.001 0.1 30
ls_22_bs_100_nr_10_e_11_lr_0.001_a_0.2_nt_30 22 100 10 11 0.001 0.2 30
ls_22_bs_100_nr_10_e_11_lr_0.001_a_0.3_nt_30 22 100 10 11 0.001 0.3 30
ls_22_bs_100_nr_10_e_11_lr_0.001_a_0.4_nt_30 22 100 10 11 0.001 0.4 30
ls_22_bs_100_nr_10_e_11_lr_0.001_a_0.5_nt_30 22 100 10 11 0.001 0.5 30
ls_22_bs_100_nr_10_e_11_lr_0.001_a_0.6_nt_30 22 100 10 11 0.001 0.6 30
ls_22_bs_100_nr_10_e_11_lr_0.001_a_0.7_nt_30 22 100 10 11 0.001 0.7 30
ls_22_bs_100_nr_10_e_11_lr_0.001_a_0.8_nt_30 22 100 10 11 0.001 0.8 30
ls_22_bs_100_nr_10_e_11_lr_0.001_a_0.9_nt_30 22 100 10 11 0.001 0.9 30
ls_22_bs_100_nr_10_e_13_lr_0.001_a_0.1_nt_30 22 100 10 13 0.001 0.1 30
ls_22_bs_100_nr_10_e_13_lr_0.001_a_0.2_nt_30 22 100 10 13 0.001 0.2 30
ls_22_bs_100_nr_10_e_13_lr_0.001_a_0.3_nt_30 22 100 10 13 0.001 0.3 30
ls_22_bs_100_nr_10_e_13_lr_0.001_a_0.4_nt_30 22 100 10 13 0.001 0.4 30
ls_22_bs_100_nr_10_e_13_lr_0.001_a_0.5_nt_30 22 100 10 13 0.001 0.5 30
ls_22_bs_100_nr_10_e_13_lr_0.001_a_0.6_nt_30 22 100 10 13 0.001 0.6 30
ls_22_bs_100_nr_10_e_13_lr_0.001_a_0.7_nt_30 22 100 10 13 0.001 0.7 30
ls_22_bs_100_nr_10_e_13_lr_0.001_a_0.8_nt_30 22 100 10 13 0.001 0.8 30
ls_22_bs_100_nr_10_e_13_lr_0.001_a_0.9_nt_30 22 100 10 13 0.001 0.9 30
ls_22_bs_100_nr_10_e_15_lr_0.001_a_0.1_nt_30 22 100 10 15 0.001 0.1 30
ls_22_bs_100_nr_10_e_15_lr_0.001_a_0.2_nt_30 22 100 10 15 0.001 0.2 30
ls_22_bs_100_nr_10_e_15_lr_0.001_a_0.3_nt_30 22 100 10 15 0.001 0.3 30
ls_22_bs_100_nr_10_e_15_lr_0.001_a_0.4_nt_30 22 100 10 15 0.001 0.4 30
ls_22_bs_100_nr_10_e_15_lr_0.001_a_0.5_nt_30 22 100 10 15 0.001 0.5 30
ls_22_bs_100_nr_10_e_15_lr_0.001_a_0.6_nt_30 22 100 10 15 0.001 0.6 30
ls_22_bs_100_nr_10_e_15_lr_0.001_a_0.7_nt_30 22 100 10 15 0.001 0.7 30
ls_22_bs_100_nr_10_e_15_lr_0.001_a_0.8_nt_30 22 100 10 15 0.001 0.8 30
ls_22_bs_100_nr_10_e_15_lr_0.001_a_0.9_nt_30 22 100 10 15 0.001 0.9 30
ls_26_bs_20_nr_10_e_5_lr_0.001_a_0.1_nt_30 26 20 10 5 0.001 0.1 30
ls_26_bs_20_nr_10_e_5_lr_0.001_a_0.2_nt_30 26 20 10 5 0.001 0.2 30
ls_26_bs_20_nr_10_e_5_lr_0.001_a_0.3_nt_30 26 20 10 5 0.001 0.3 30
ls_26_bs_20_nr_10_e_5_lr_0.001_a_0.4_nt_30 26 20 10 5 0.001 0.4 30
ls_26_bs_20_nr_10_e_5_lr_0.001_a_0.5_nt_30 26 20 10 5 0.001 0.5 30
ls_26_bs_20_nr_10_e_5_lr_0.001_a_0.6_nt_30 26 20 10 5 0.001 0.6 30
ls_26_bs_20_nr_10_e_5_lr_0.001_a_0.7_nt_30 26 20 10 5 0.001 0.7 30
ls_26_bs_20_nr_10_e_5_lr_0.001_a_0.8_nt_30 26 20 10 5 0.001 0.8 30
ls_26_bs_20_nr_10_e_5_lr_0.001_a_0.9_nt_30 26 20 10 5 0.001 0.9 30
ls_26_bs_20_nr_10_e_7_lr_0.001_a_0.1_nt_30 26 20 10 7 0.001 0.1 30
ls_26_bs_20_nr_10_e_7_lr_0.001_a_0.2_nt_30 26 20 10 7 0.001 0.2 30
ls_26_bs_20_nr_10_e_7_lr_0.001_a_0.3_nt_30 26 20 10 7 0.001 0.3 30
ls_26_bs_20_nr_10_e_7_lr_0.001_a_0.4_nt_30 26 20 10 7 0.001 0.4 30
ls_26_bs_20_nr_10_e_7_lr_0.001_a_0.5_nt_30 26 20 10 7 0.001 0.5 30
ls_26_bs_20_nr_10_e_7_lr_0.001_a_0.6_nt_30 26 20 10 7 0.001 0.6 30
ls_26_bs_20_nr_10_e_7_lr_0.001_a_0.7_nt_30 26 20 10 7 0.001 0.7 30
ls_26_bs_20_nr_10_e_7_lr_0.001_a_0.8_nt_30 26 20 10 7 0.001 0.8 30
ls_26_bs_20_nr_10_e_7_lr_0.001_a_0.9_nt_30 26 20 10 7 0.001 0.9 30
ls_26_bs_20_nr_10_e_9_lr_0.001_a_0.1_nt_30 26 20 10 9 0.001 0.1 30
ls_26_bs_20_nr_10_e_9_lr_0.001_a_0.2_nt_30 26 20 10 9 0.001 0.2 30
ls_26_bs_20_nr_10_e_9_lr_0.001_a_0.3_nt_30 26 20 10 9 0.001 0.3 30
ls_26_bs_20_nr_10_e_9_lr_0.001_a_0.4_nt_30 26 20 10 9 0.001 0.4 30
ls_26_bs_20_nr_10_e_9_lr_0.001_a_0.5_nt_30 26 20 10 9 0.001 0.5 30
ls_26_bs_20_nr_10_e_9_lr_0.001_a_0.6_nt_30 26 20 10 9 0.001 0.6 30
ls_26_bs_20_nr_10_e_9_lr_0.001_a_0.7_nt_30 26 20 10 9 0.001 0.7 30
ls_26_bs_20_nr_10_e_9_lr_0.001_a_0.8_nt_30 26 20 10 9 0.001 0.8 30
ls_26_bs_20_nr_10_e_9_lr_0.001_a_0.9_nt_30 26 20 10 9 0.001 0.9 30
ls_26_bs_20_nr_10_e_11_lr_0.001_a_0.1_nt_30 26 20 10 11 0.001 0.1 30
ls_26_bs_20_nr_10_e_11_lr_0.001_a_0.2_nt_30 26 20 10 11 0.001 0.2 30
ls_26_bs_20_nr_10_e_11_lr_0.001_a_0.3_nt_30 26 20 10 11 0.001 0.3 30
ls_26_bs_20_nr_10_e_11_lr_0.001_a_0.4_nt_30 26 20 10 11 0.001 0.4 30
ls_26_bs_20_nr_10_e_11_lr_0.001_a_0.5_nt_30 26 20 10 11 0.001 0.5 30
ls_26_bs_20_nr_10_e_11_lr_0.001_a_0.6_nt_30 26 20 10 11 0.001 0.6 30
ls_26_bs_20_nr_10_e_11_lr_0.001_a_0.7_nt_30 26 20 10 11 0.001 0.7 30
ls_26_bs_20_nr_10_e_11_lr_0.001_a_0.8_nt_30 26 20 10 11 0.001 0.8 30
ls_26_bs_20_nr_10_e_11_lr_0.001_a_0.9_nt_30 26 20 10 11 0.001 0.9 30
ls_26_bs_20_nr_10_e_13_lr_0.001_a_0.1_nt_30 26 20 10 13 0.001 0.1 30